TIMESTAMPms	M1RAWIMUxgyro	M1RAWIMUygyro	M1RAWIMUzgyro
0	2.800000000000000e+1	0.000000000000000e+0	9.000000000000000e+0
240	4.000000000000000e+0	1.000000000000000e+0	9.000000000000000e+0
480	-2.100000000000000e+1	-3.000000000000000e+0	1.000000000000000e+1
720	-2.000000000000000e+0	3.000000000000000e+0	9.000000000000000e+0
960	9.000000000000000e+0	1.200000000000000e+1	1.200000000000000e+1
1200	0.000000000000000e+0	3.000000000000000e+0	1.100000000000000e+1
1439	-4.000000000000000e+0	-7.000000000000000e+0	8.000000000000000e+0
1680	3.000000000000000e+0	-7.000000000000000e+0	9.000000000000000e+0
1920	2.000000000000000e+0	1.700000000000000e+1	1.100000000000000e+1
2160	-7.000000000000000e+0	1.700000000000000e+1	8.000000000000000e+0
2400	-9.000000000000000e+0	-1.400000000000000e+1	7.000000000000000e+0
2639	9.000000000000000e+0	-1.000000000000000e+1	9.000000000000000e+0
2880	1.100000000000000e+1	1.900000000000000e+1	9.000000000000000e+0
3120	-1.500000000000000e+1	1.000000000000000e+1	1.000000000000000e+1
3360	-1.200000000000000e+1	-6.000000000000000e+0	9.000000000000000e+0
3600	1.000000000000000e+1	-2.000000000000000e+0	1.100000000000000e+1
3840	1.400000000000000e+1	2.000000000000000e+0	1.000000000000000e+1
4080	-1.200000000000000e+1	9.000000000000000e+0	1.000000000000000e+1
4320	-9.000000000000000e+0	4.000000000000000e+0	7.000000000000000e+0
4560	2.000000000000000e+0	-5.000000000000000e+0	9.000000000000000e+0
4800	4.900000000000000e+1	-3.000000000000000e+0	1.400000000000000e+1
5040	1.000000000000000e+1	1.600000000000000e+1	-3.400000000000000e+1
5280	6.700000000000000e+1	6.300000000000000e+1	2.900000000000000e+1
5520	5.500000000000000e+1	7.800000000000000e+1	1.150000000000000e+2
5760	-9.200000000000000e+1	-5.600000000000000e+1	1.320000000000000e+2
6000	-1.520000000000000e+2	-1.600000000000000e+2	1.400000000000000e+2
6240	-9.500000000000000e+1	-5.500000000000000e+1	9.400000000000000e+1
6480	7.700000000000000e+1	9.000000000000000e+1	6.200000000000000e+1
6720	1.050000000000000e+2	4.600000000000000e+1	2.410000000000000e+2
6960	-1.000000000000000e+1	-6.500000000000000e+1	5.800000000000000e+2
7200	-7.600000000000000e+1	-5.000000000000000e+0	8.590000000000000e+2
7440	-4.900000000000000e+1	3.000000000000000e+1	9.520000000000000e+2
7680	5.000000000000000e+0	-3.000000000000000e+0	4.580000000000000e+2
7920	1.310000000000000e+2	8.100000000000000e+1	2.330000000000000e+2
8160	1.200000000000000e+1	2.600000000000000e+1	9.800000000000000e+1
8400	-8.400000000000000e+1	-1.120000000000000e+2	9.200000000000000e+1
8640	-9.000000000000000e+0	-1.360000000000000e+2	9.300000000000000e+1
8879	-5.000000000000000e+0	-4.900000000000000e+1	8.900000000000000e+1
9120	-9.000000000000000e+0	1.100000000000000e+1	5.400000000000000e+1
9360	6.000000000000000e+0	3.800000000000000e+1	3.900000000000000e+1
9600	4.000000000000000e+0	2.500000000000000e+1	3.300000000000000e+1
9839	4.000000000000000e+0	-4.000000000000000e+0	1.400000000000000e+1
10079	-1.000000000000000e+1	-6.000000000000000e+0	3.000000000000000e+0
10320	-2.000000000000000e+0	6.000000000000000e+0	-1.300000000000000e+1
10560	6.000000000000000e+0	1.700000000000000e+1	-1.800000000000000e+1
10800	-2.000000000000000e+0	-1.000000000000000e+1	-8.000000000000000e+0
11040	-8.000000000000000e+0	-4.000000000000000e+0	-2.000000000000000e+1
11280	1.000000000000000e+0	2.000000000000000e+0	-3.200000000000000e+1
11520	7.000000000000000e+0	1.200000000000000e+1	-3.200000000000000e+1
11760	6.000000000000000e+0	-1.200000000000000e+1	-4.900000000000000e+1
12000	-2.200000000000000e+1	7.000000000000000e+0	-4.500000000000000e+1
12240	-2.000000000000000e+0	1.400000000000000e+1	-4.800000000000000e+1
12479	1.300000000000000e+1	-4.000000000000000e+0	-4.900000000000000e+1
12720	5.000000000000000e+0	1.700000000000000e+1	-6.200000000000000e+1
12960	-1.600000000000000e+1	-7.000000000000000e+0	-5.000000000000000e+1
13200	-5.300000000000000e+1	-1.500000000000000e+1	-5.600000000000000e+1
13440	1.000000000000000e+0	5.900000000000000e+1	-3.400000000000000e+2
13680	-7.000000000000000e+0	8.200000000000000e+1	-6.520000000000000e+2
13920	-2.000000000000000e+0	6.200000000000000e+1	-7.230000000000000e+2
14160	7.200000000000000e+1	3.200000000000000e+1	-7.290000000000000e+2
14400	5.100000000000000e+1	1.800000000000000e+1	-3.450000000000000e+2
14640	-1.400000000000000e+1	-3.000000000000000e+0	-1.400000000000000e+2
14880	-7.000000000000000e+0	2.900000000000000e+1	-2.700000000000000e+1
15120	1.800000000000000e+1	9.200000000000000e+1	3.800000000000000e+1
15360	1.000000000000000e+0	-5.700000000000000e+1	9.500000000000000e+1
15600	1.000000000000000e+1	-3.400000000000000e+1	-5.000000000000000e+2
15840	-3.700000000000000e+1	6.000000000000000e+1	-8.200000000000000e+2
16080	-5.500000000000000e+1	-7.000000000000000e+1	-3.920000000000000e+2
16320	1.000000000000000e+1	-5.200000000000000e+1	-8.500000000000000e+1
16560	5.500000000000000e+1	1.700000000000000e+1	1.180000000000000e+2
16800	-2.600000000000000e+1	0.000000000000000e+0	2.650000000000000e+2
17040	-2.300000000000000e+1	-1.100000000000000e+1	3.320000000000000e+2
17279	3.200000000000000e+1	2.000000000000000e+1	3.730000000000000e+2
17520	2.400000000000000e+1	4.200000000000000e+1	3.580000000000000e+2
17760	-3.100000000000000e+1	-1.000000000000000e+0	3.170000000000000e+2
18000	-5.100000000000000e+1	-1.500000000000000e+1	2.970000000000000e+2
18240	2.200000000000000e+1	7.000000000000000e+0	2.760000000000000e+2
18480	6.000000000000000e+0	4.000000000000000e+0	2.500000000000000e+2
18720	-2.000000000000000e+0	-1.700000000000000e+1	2.000000000000000e+2
18960	-2.170000000000000e+2	1.180000000000000e+2	-1.580000000000000e+3
19200	-6.000000000000000e+1	-1.180000000000000e+2	-2.134000000000000e+3
19440	7.800000000000000e+1	2.590000000000000e+2	-6.380000000000000e+2
19680	1.430000000000000e+2	2.150000000000000e+2	-1.090000000000000e+2
19920	7.300000000000000e+1	-1.290000000000000e+2	7.000000000000000e+0
20160	-5.100000000000000e+1	-1.010000000000000e+2	-9.400000000000000e+1
20400	-7.000000000000000e+1	7.500000000000000e+1	-5.040000000000000e+2
20640	-1.100000000000000e+1	7.500000000000000e+1	-7.750000000000000e+2
20880	3.500000000000000e+1	5.300000000000000e+1	-8.610000000000000e+2
21120	1.100000000000000e+1	-8.000000000000000e+0	-4.560000000000000e+2
21360	9.300000000000000e+1	-7.000000000000000e+0	-4.900000000000000e+1
21600	2.900000000000000e+1	8.500000000000000e+1	8.800000000000000e+1
21840	-1.800000000000000e+1	3.200000000000000e+1	1.510000000000000e+2
22079	-1.600000000000000e+1	-7.700000000000000e+1	1.850000000000000e+2
22320	-3.000000000000000e+0	-4.600000000000000e+1	1.970000000000000e+2
22560	1.100000000000000e+1	1.700000000000000e+1	2.090000000000000e+2
22800	1.100000000000000e+1	5.000000000000000e+0	2.230000000000000e+2
23040	-5.500000000000000e+1	4.500000000000000e+1	-3.350000000000000e+2
23280	3.000000000000000e+0	-2.800000000000000e+1	-2.000000000000000e+0
23520	8.000000000000000e+1	-5.200000000000000e+1	2.500000000000000e+1
23760	2.100000000000000e+1	-1.000000000000000e+1	4.600000000000000e+1
24000	-4.000000000000000e+1	-6.500000000000000e+1	5.600000000000000e+1
24239	-5.500000000000000e+1	2.000000000000000e+0	7.500000000000000e+1
24480	2.100000000000000e+1	6.300000000000000e+1	9.500000000000000e+1
24720	4.100000000000000e+1	2.220000000000000e+2	6.300000000000000e+1
24960	-2.000000000000000e+0	1.130000000000000e+2	1.600000000000000e+1
25200	-5.100000000000000e+1	-2.860000000000000e+2	1.200000000000000e+1
25440	6.000000000000000e+0	-1.550000000000000e+2	2.700000000000000e+1
25680	1.290000000000000e+2	1.420000000000000e+2	-9.600000000000000e+1
25920	-1.290000000000000e+2	1.430000000000000e+2	-5.600000000000000e+1
26160	-1.600000000000000e+2	-1.210000000000000e+2	5.300000000000000e+1
26400	-1.610000000000000e+2	-2.020000000000000e+2	9.700000000000000e+1
26639	1.650000000000000e+2	1.300000000000000e+2	1.660000000000000e+2
26880	1.860000000000000e+2	1.880000000000000e+2	1.670000000000000e+2
27120	-2.400000000000000e+1	-9.700000000000000e+1	1.660000000000000e+2
27360	-7.100000000000000e+1	-6.000000000000000e+1	1.600000000000000e+2
27600	-7.000000000000000e+0	1.320000000000000e+2	1.470000000000000e+2
27840	3.000000000000000e+1	2.230000000000000e+2	1.770000000000000e+2
28080	2.600000000000000e+1	4.400000000000000e+1	1.880000000000000e+2
28320	-8.500000000000000e+1	-2.420000000000000e+2	1.400000000000000e+2
28560	-9.600000000000000e+1	-9.900000000000000e+1	1.310000000000000e+2
28800	4.100000000000000e+1	1.220000000000000e+2	1.140000000000000e+2
29040	5.500000000000000e+1	7.000000000000000e+1	9.100000000000000e+1
29280	-4.000000000000000e+1	-5.300000000000000e+1	8.200000000000000e+1
29520	-5.800000000000000e+1	-3.200000000000000e+1	4.900000000000000e+1
29760	5.000000000000000e+0	4.000000000000000e+1	5.100000000000000e+1
30000	4.300000000000000e+1	5.300000000000000e+1	7.100000000000000e+1
30239	1.800000000000000e+1	-9.100000000000000e+1	8.300000000000000e+1
30480	-5.900000000000000e+1	-7.800000000000000e+1	7.500000000000000e+1
30720	-5.800000000000000e+1	3.600000000000000e+1	5.100000000000000e+1
30960	4.100000000000000e+1	7.300000000000000e+1	3.400000000000000e+1
31200	9.300000000000000e+1	1.200000000000000e+1	5.400000000000000e+1
31439	-1.000000000000000e+0	-1.000000000000000e+2	5.200000000000000e+1
31679	-9.400000000000000e+1	-3.300000000000000e+1	6.900000000000000e+1
31920	-1.300000000000000e+1	1.000000000000000e+2	1.010000000000000e+2
32160	5.800000000000000e+1	2.520000000000000e+2	1.300000000000000e+2
32400	3.200000000000000e+1	1.450000000000000e+2	2.600000000000000e+2
32640	4.600000000000000e+1	2.420000000000000e+2	3.500000000000000e+2
32880	2.000000000000000e+1	4.290000000000000e+2	3.850000000000000e+2
33120	2.800000000000000e+1	2.720000000000000e+2	3.150000000000000e+2
33360	7.300000000000000e+1	3.190000000000000e+2	2.500000000000000e+2
33600	-5.700000000000000e+1	4.640000000000000e+2	1.430000000000000e+2
33840	5.100000000000000e+1	6.040000000000000e+2	7.900000000000000e+1
34080	2.620000000000000e+2	4.620000000000000e+2	-1.900000000000000e+1
34320	7.000000000000000e+0	3.810000000000000e+2	-3.400000000000000e+1
34560	-3.800000000000000e+1	2.570000000000000e+2	-1.130000000000000e+2
34800	6.000000000000000e+1	4.800000000000000e+1	-2.890000000000000e+2
35040	-7.600000000000000e+1	1.500000000000000e+1	-2.100000000000000e+2
35280	-1.920000000000000e+2	-2.190000000000000e+2	-1.440000000000000e+2
35520	-1.380000000000000e+2	-6.690000000000000e+2	-2.180000000000000e+2
35760	-2.070000000000000e+2	-1.031000000000000e+3	1.760000000000000e+2
36000	-2.780000000000000e+2	-2.390000000000000e+2	3.710000000000000e+2
36240	1.000000000000000e+0	8.090000000000000e+2	2.100000000000000e+2
36480	-4.600000000000000e+1	9.320000000000000e+2	3.810000000000000e+2
36720	-4.600000000000000e+1	4.650000000000000e+2	3.640000000000000e+2
36960	-6.600000000000000e+1	-9.200000000000000e+1	3.180000000000000e+2
37200	-6.200000000000000e+1	-4.870000000000000e+2	2.880000000000000e+2
37440	-1.340000000000000e+2	-5.260000000000000e+2	2.060000000000000e+2
37680	-1.200000000000000e+2	-3.290000000000000e+2	-1.400000000000000e+2
37920	1.200000000000000e+1	-1.850000000000000e+2	-3.630000000000000e+2
38161	1.000000000000000e+0	-3.920000000000000e+2	-8.690000000000000e+2
38400	-1.300000000000000e+1	-8.370000000000000e+2	-3.870000000000000e+2
38640	-1.160000000000000e+2	-6.950000000000000e+2	-1.000000000000000e+0
38880	-1.450000000000000e+2	7.150000000000000e+2	-2.100000000000000e+1
39121	-6.000000000000000e+1	1.528000000000000e+3	1.700000000000000e+1
39360	-2.100000000000000e+1	1.725000000000000e+3	1.930000000000000e+2
39601	5.200000000000000e+1	1.015000000000000e+3	3.040000000000000e+2
39840	-1.210000000000000e+2	1.390000000000000e+2	3.160000000000000e+2
40080	-1.080000000000000e+2	-3.810000000000000e+2	3.340000000000000e+2
40320	-1.110000000000000e+2	-4.960000000000000e+2	3.200000000000000e+2
40560	-1.600000000000000e+2	-5.110000000000000e+2	1.840000000000000e+2
40800	-2.510000000000000e+2	-7.530000000000000e+2	1.080000000000000e+2
41040	-2.550000000000000e+2	-8.830000000000000e+2	-3.500000000000000e+1
41280	-1.500000000000000e+2	-8.470000000000000e+2	-3.630000000000000e+2
41520	-3.700000000000000e+1	-8.130000000000000e+2	-3.570000000000000e+2
41760	9.000000000000000e+0	-5.880000000000000e+2	-2.590000000000000e+2
42000	5.100000000000000e+1	-4.060000000000000e+2	-1.730000000000000e+2
42240	5.300000000000000e+1	-3.030000000000000e+2	-1.090000000000000e+2
42480	7.300000000000000e+1	-1.410000000000000e+2	-5.500000000000000e+1
42720	8.200000000000000e+1	-5.000000000000000e+1	-2.300000000000000e+1
42960	6.900000000000000e+1	1.600000000000000e+1	4.000000000000000e+0
43200	1.300000000000000e+1	1.060000000000000e+2	-3.800000000000000e+1
43440	-3.800000000000000e+1	2.100000000000000e+2	-3.800000000000000e+1
43680	-7.000000000000000e+1	3.090000000000000e+2	-3.100000000000000e+1
43920	-6.500000000000000e+1	3.420000000000000e+2	-2.100000000000000e+1
44160	-4.700000000000000e+1	3.620000000000000e+2	-1.100000000000000e+1
44400	0.000000000000000e+0	2.990000000000000e+2	7.000000000000000e+0
44640	9.000000000000000e+0	1.690000000000000e+2	-3.000000000000000e+0
44881	4.500000000000000e+1	4.100000000000000e+1	-1.100000000000000e+1
45120	6.000000000000000e+1	-1.800000000000000e+1	2.000000000000000e+1
45361	2.600000000000000e+1	-2.500000000000000e+1	1.500000000000000e+1
45600	-1.700000000000000e+1	-2.100000000000000e+1	-2.300000000000000e+1
45840	-3.400000000000000e+1	-3.800000000000000e+1	8.000000000000000e+0
46080	-4.400000000000000e+1	-8.600000000000000e+1	-3.400000000000000e+1
46320	-5.000000000000000e+1	-2.140000000000000e+2	2.600000000000000e+1
46560	-5.100000000000000e+1	-2.870000000000000e+2	-1.100000000000000e+1
46800	-6.000000000000000e+1	-1.990000000000000e+2	-2.300000000000000e+1
47040	-2.500000000000000e+1	-8.800000000000000e+1	-3.000000000000000e+0
47280	3.000000000000000e+0	1.800000000000000e+1	-6.000000000000000e+0
47520	2.100000000000000e+1	1.110000000000000e+2	-1.100000000000000e+1
47760	5.200000000000000e+1	1.530000000000000e+2	2.700000000000000e+1
48000	3.200000000000000e+1	1.560000000000000e+2	1.000000000000000e+0
48240	2.800000000000000e+1	1.560000000000000e+2	9.000000000000000e+0
48480	4.000000000000000e+0	5.100000000000000e+1	-1.520000000000000e+2
48720	-4.900000000000000e+1	-2.800000000000000e+2	-1.340000000000000e+2
48960	-1.970000000000000e+2	-2.550000000000000e+2	-4.700000000000000e+1
49201	-1.960000000000000e+2	-1.300000000000000e+1	2.900000000000000e+1
49441	-1.590000000000000e+2	2.830000000000000e+2	6.700000000000000e+1
49681	3.700000000000000e+1	5.030000000000000e+2	2.400000000000000e+1
49921	1.360000000000000e+2	6.690000000000000e+2	3.600000000000000e+1
50161	1.560000000000000e+2	6.060000000000000e+2	6.900000000000000e+1
50401	9.500000000000000e+1	4.270000000000000e+2	5.800000000000000e+1
50641	1.210000000000000e+2	1.980000000000000e+2	7.200000000000000e+1
50881	7.400000000000000e+1	-5.200000000000000e+1	7.000000000000000e+1
51121	2.900000000000000e+1	-2.500000000000000e+2	4.200000000000000e+1
51361	-5.500000000000000e+1	-3.930000000000000e+2	-6.400000000000000e+1
51601	-6.200000000000000e+1	-4.700000000000000e+2	-4.000000000000000e+0
51841	-7.200000000000000e+1	-5.070000000000000e+2	4.000000000000000e+0
52081	-7.300000000000000e+1	-5.560000000000000e+2	-9.000000000000000e+0
52321	-1.540000000000000e+2	-4.710000000000000e+2	-2.000000000000000e+1
52561	-1.890000000000000e+2	-5.000000000000000e+1	-2.100000000000000e+1
52801	-1.260000000000000e+2	4.720000000000000e+2	2.300000000000000e+1
53041	-9.000000000000000e+0	6.900000000000000e+2	1.410000000000000e+2
53281	-1.100000000000000e+1	3.340000000000000e+2	1.140000000000000e+2
53521	8.700000000000000e+1	-6.000000000000000e+1	2.200000000000000e+1
53761	1.250000000000000e+2	-1.500000000000000e+2	-3.200000000000000e+1
54001	1.440000000000000e+2	-7.400000000000000e+1	7.000000000000000e+0
54241	1.260000000000000e+2	0.000000000000000e+0	3.300000000000000e+1
54480	3.500000000000000e+1	-1.510000000000000e+2	-1.490000000000000e+2
54721	3.000000000000000e+1	-1.180000000000000e+2	-2.700000000000000e+1
54961	-1.030000000000000e+2	-6.000000000000000e+0	2.800000000000000e+1
55201	-1.230000000000000e+2	2.900000000000000e+1	3.700000000000000e+1
55441	-4.600000000000000e+1	2.910000000000000e+2	5.800000000000000e+1
55681	-9.000000000000000e+1	2.340000000000000e+2	5.000000000000000e+0
55921	-1.610000000000000e+2	1.150000000000000e+2	-1.100000000000000e+1
56161	4.000000000000000e+0	1.740000000000000e+2	-1.500000000000000e+1
56401	7.500000000000000e+1	2.400000000000000e+2	2.700000000000000e+1
56641	1.220000000000000e+2	1.340000000000000e+2	8.100000000000000e+1
56881	5.400000000000000e+1	-6.200000000000000e+1	1.080000000000000e+2
57121	2.500000000000000e+1	-2.820000000000000e+2	1.150000000000000e+2
57361	8.000000000000000e+0	-4.220000000000000e+2	-4.900000000000000e+1
57601	2.100000000000000e+1	-4.510000000000000e+2	1.100000000000000e+1
57841	3.000000000000000e+1	-3.120000000000000e+2	-3.400000000000000e+1
58081	1.700000000000000e+1	-1.410000000000000e+2	3.400000000000000e+1
58321	4.200000000000000e+1	4.100000000000000e+1	4.300000000000000e+1
58561	4.700000000000000e+1	1.940000000000000e+2	5.000000000000000e+0
58801	4.800000000000000e+1	2.720000000000000e+2	6.000000000000000e+0
59041	2.500000000000000e+1	2.720000000000000e+2	-2.000000000000000e+0
59281	3.300000000000000e+1	2.730000000000000e+2	2.300000000000000e+1
59521	1.200000000000000e+1	2.690000000000000e+2	1.000000000000000e+0
59761	3.700000000000000e+1	1.860000000000000e+2	-6.000000000000000e+0
60001	2.500000000000000e+1	4.900000000000000e+1	5.000000000000000e+0
60241	7.000000000000000e+0	-1.300000000000000e+2	1.400000000000000e+1
60481	1.000000000000000e+0	-2.570000000000000e+2	-2.400000000000000e+1
60721	-9.000000000000000e+0	-3.200000000000000e+2	4.000000000000000e+0
60961	-7.000000000000000e+0	-3.710000000000000e+2	8.000000000000000e+0
61201	1.600000000000000e+1	-3.850000000000000e+2	-2.300000000000000e+1
61441	1.200000000000000e+1	-2.920000000000000e+2	-1.000000000000000e+0
61681	1.600000000000000e+1	-1.150000000000000e+2	2.200000000000000e+1
61921	-1.100000000000000e+1	7.500000000000000e+1	2.100000000000000e+1
62161	-1.600000000000000e+1	2.130000000000000e+2	2.300000000000000e+1
62401	-1.500000000000000e+1	3.120000000000000e+2	0.000000000000000e+0
62641	-4.100000000000000e+1	3.440000000000000e+2	-2.300000000000000e+1
62881	-1.400000000000000e+1	8.500000000000000e+1	-1.510000000000000e+2
63121	2.200000000000000e+1	4.800000000000000e+1	-6.100000000000000e+1
63361	1.700000000000000e+1	4.000000000000000e+1	-3.700000000000000e+1
63601	-6.800000000000000e+1	-1.310000000000000e+2	2.600000000000000e+1
63841	-9.900000000000000e+1	-1.020000000000000e+2	-1.500000000000000e+1
64081	-1.950000000000000e+2	-1.590000000000000e+2	-1.100000000000000e+1
64321	-2.450000000000000e+2	-2.290000000000000e+2	1.000000000000000e+0
64561	-2.190000000000000e+2	-1.950000000000000e+2	-1.800000000000000e+1
64801	-1.440000000000000e+2	-1.290000000000000e+2	1.900000000000000e+1
65041	8.000000000000000e+1	8.500000000000000e+1	3.100000000000000e+1
65281	1.880000000000000e+2	2.440000000000000e+2	1.520000000000000e+2
65521	2.220000000000000e+2	3.340000000000000e+2	5.200000000000000e+1
65761	3.800000000000000e+2	3.390000000000000e+2	3.200000000000000e+1
66001	8.500000000000000e+1	2.520000000000000e+2	4.900000000000000e+1
66241	-1.500000000000000e+1	1.160000000000000e+2	-3.080000000000000e+2
66481	-4.300000000000000e+1	-7.500000000000000e+1	-2.960000000000000e+2
66721	-3.300000000000000e+1	-1.950000000000000e+2	-3.210000000000000e+2
66961	1.500000000000000e+1	-2.420000000000000e+2	-3.300000000000000e+2
67201	4.100000000000000e+1	-2.140000000000000e+2	-3.460000000000000e+2
67441	1.900000000000000e+1	-1.540000000000000e+2	-4.030000000000000e+2
67681	-4.000000000000000e+0	-1.000000000000000e+0	-1.398000000000000e+3
67921	6.200000000000000e+1	1.820000000000000e+2	-1.445000000000000e+3
68161	1.260000000000000e+2	2.840000000000000e+2	-1.369000000000000e+3
68401	2.100000000000000e+2	3.590000000000000e+2	-4.100000000000000e+2
68641	1.940000000000000e+2	3.450000000000000e+2	5.000000000000000e+0
68881	1.410000000000000e+2	2.800000000000000e+2	2.530000000000000e+2
69121	5.400000000000000e+1	2.070000000000000e+2	5.200000000000000e+1
69361	5.300000000000000e+1	1.410000000000000e+2	8.000000000000000e+0
69601	4.100000000000000e+1	7.100000000000000e+1	-1.200000000000000e+1
69841	3.600000000000000e+1	-1.700000000000000e+1	7.000000000000000e+0
70081	1.000000000000000e+1	-1.200000000000000e+2	-1.400000000000000e+1
70321	-1.500000000000000e+1	-2.110000000000000e+2	-1.400000000000000e+1
70561	-1.500000000000000e+1	-2.740000000000000e+2	1.700000000000000e+1
70801	3.000000000000000e+0	-3.240000000000000e+2	-2.700000000000000e+1
71041	-7.000000000000000e+0	-2.860000000000000e+2	-6.500000000000000e+1
71281	-3.800000000000000e+1	-1.180000000000000e+2	-8.240000000000000e+2
71521	2.400000000000000e+1	-1.000000000000000e+1	-4.850000000000000e+2
71761	4.500000000000000e+1	1.450000000000000e+2	-5.800000000000000e+1
72001	5.300000000000000e+1	2.970000000000000e+2	1.080000000000000e+2
72241	-1.000000000000000e+0	3.450000000000000e+2	-1.000000000000000e+0
72480	1.000000000000000e+0	3.400000000000000e+2	1.400000000000000e+1
72721	-5.000000000000000e+0	2.930000000000000e+2	3.300000000000000e+1
72961	7.000000000000000e+0	2.040000000000000e+2	1.700000000000000e+1
73201	5.000000000000000e+0	9.700000000000000e+1	-2.400000000000000e+1
73441	1.100000000000000e+1	-2.000000000000000e+0	1.600000000000000e+1
73681	1.200000000000000e+1	-7.600000000000000e+1	-8.000000000000000e+0
73921	5.000000000000000e+0	-1.850000000000000e+2	5.000000000000000e+0
74161	2.800000000000000e+1	-3.060000000000000e+2	-2.300000000000000e+1
74401	-1.700000000000000e+1	-4.200000000000000e+2	-5.000000000000000e+0
74641	-5.900000000000000e+1	-4.440000000000000e+2	-1.300000000000000e+1
74881	1.700000000000000e+1	-2.790000000000000e+2	-1.690000000000000e+2
75121	5.000000000000000e+0	-7.000000000000000e+1	1.600000000000000e+1
75361	-2.000000000000000e+0	1.230000000000000e+2	-2.400000000000000e+1
75601	-2.500000000000000e+1	2.250000000000000e+2	-6.900000000000000e+1
75841	-1.900000000000000e+1	3.020000000000000e+2	-1.400000000000000e+1
76081	-1.400000000000000e+1	3.240000000000000e+2	2.500000000000000e+1
76321	-1.200000000000000e+1	3.290000000000000e+2	1.200000000000000e+1
76561	-1.100000000000000e+1	2.980000000000000e+2	1.400000000000000e+1
76801	1.400000000000000e+1	2.140000000000000e+2	-2.000000000000000e+0
77041	8.800000000000000e+1	1.220000000000000e+2	2.100000000000000e+1
77281	8.100000000000000e+1	2.160000000000000e+2	-3.890000000000000e+2
77521	-2.900000000000000e+1	1.040000000000000e+2	1.550000000000000e+2
77761	1.300000000000000e+1	-6.200000000000000e+1	5.800000000000000e+1
78001	1.350000000000000e+2	-1.860000000000000e+2	8.100000000000000e+1
78241	2.900000000000000e+1	-3.010000000000000e+2	7.400000000000000e+1
78481	-2.100000000000000e+1	-5.450000000000000e+2	1.300000000000000e+2
78721	-3.240000000000000e+2	-5.860000000000000e+2	-2.150000000000000e+2
78961	-6.600000000000000e+1	5.460000000000000e+2	-1.070000000000000e+2
79201	-1.930000000000000e+2	1.139000000000000e+3	1.110000000000000e+2
79441	-2.650000000000000e+2	7.180000000000000e+2	-2.600000000000000e+1
79681	-2.500000000000000e+1	1.610000000000000e+2	-1.860000000000000e+2
79921	8.000000000000000e+0	-3.100000000000000e+1	-7.400000000000000e+1
80161	1.520000000000000e+2	-6.160000000000000e+2	8.100000000000000e+1
80401	2.420000000000000e+2	-1.281000000000000e+3	1.730000000000000e+2
80641	-5.000000000000000e+0	-1.210000000000000e+3	-1.090000000000000e+2
80881	1.250000000000000e+2	-7.060000000000000e+2	7.900000000000000e+1
81121	1.000000000000000e+2	-2.730000000000000e+2	-2.000000000000000e+0
81361	1.000000000000000e+2	2.090000000000000e+2	-7.200000000000000e+1
81601	-8.000000000000000e+0	6.910000000000000e+2	6.300000000000000e+1
81841	-1.230000000000000e+2	8.040000000000000e+2	1.000000000000000e+2
82081	-1.160000000000000e+2	4.820000000000000e+2	1.060000000000000e+2
82321	-5.900000000000000e+1	1.400000000000000e+2	5.200000000000000e+1
82561	-4.000000000000000e+0	-6.900000000000000e+1	-1.600000000000000e+1
82801	7.300000000000000e+1	-7.700000000000000e+1	-9.000000000000000e+1
83041	1.710000000000000e+2	-1.200000000000000e+1	-7.300000000000000e+1
83281	1.380000000000000e+2	1.080000000000000e+2	1.000000000000000e+1
83521	1.250000000000000e+2	1.830000000000000e+2	3.800000000000000e+1
83761	1.110000000000000e+2	1.830000000000000e+2	1.000000000000000e+0
84001	1.350000000000000e+2	9.800000000000000e+1	4.100000000000000e+1
84241	-3.800000000000000e+1	-6.300000000000000e+1	1.000000000000000e+1
84481	-6.700000000000000e+1	-3.020000000000000e+2	-2.800000000000000e+1
84721	-1.270000000000000e+2	-4.600000000000000e+2	3.000000000000000e+0
84961	-1.350000000000000e+2	-4.280000000000000e+2	-2.400000000000000e+1
85201	-5.800000000000000e+1	-2.510000000000000e+2	4.000000000000000e+0
85441	2.600000000000000e+1	-4.500000000000000e+1	-4.100000000000000e+1
85681	4.000000000000000e+1	1.200000000000000e+2	1.000000000000000e+1
85921	6.000000000000000e+1	2.550000000000000e+2	-2.300000000000000e+1
86161	4.000000000000000e+1	3.450000000000000e+2	8.000000000000000e+0
86401	-5.200000000000000e+1	3.930000000000000e+2	-8.100000000000000e+1
86641	-1.710000000000000e+2	4.030000000000000e+2	-3.000000000000000e+0
86881	-3.550000000000000e+2	3.390000000000000e+2	-3.900000000000000e+1
87121	-2.700000000000000e+2	3.310000000000000e+2	-2.700000000000000e+1
87361	4.800000000000000e+1	9.200000000000000e+1	1.010000000000000e+2
87601	1.760000000000000e+2	-1.190000000000000e+2	7.600000000000000e+1
87841	1.870000000000000e+2	-3.110000000000000e+2	-4.600000000000000e+1
88080	1.680000000000000e+2	-4.880000000000000e+2	-8.000000000000000e+0
88321	1.220000000000000e+2	-6.070000000000000e+2	3.000000000000000e+1
88561	7.400000000000000e+1	-6.070000000000000e+2	1.000000000000000e+0
88801	3.200000000000000e+1	-4.260000000000000e+2	-9.700000000000000e+1
89041	5.600000000000000e+1	-1.200000000000000e+2	-1.170000000000000e+2
89281	3.500000000000000e+1	1.010000000000000e+2	-1.180000000000000e+2
89521	-9.000000000000000e+0	2.160000000000000e+2	-3.000000000000000e+1
89761	-5.000000000000000e+0	2.760000000000000e+2	7.600000000000000e+1
90001	-2.400000000000000e+1	2.720000000000000e+2	-1.900000000000000e+1
90241	-4.300000000000000e+1	2.420000000000000e+2	8.000000000000000e+0
90481	-2.600000000000000e+1	2.460000000000000e+2	6.000000000000000e+0
90721	-4.000000000000000e+0	2.420000000000000e+2	2.000000000000000e+0
90961	-1.600000000000000e+2	-2.870000000000000e+2	-1.350000000000000e+3
91201	-1.900000000000000e+1	-7.110000000000000e+2	1.450000000000000e+2
91441	1.090000000000000e+2	-4.910000000000000e+2	5.880000000000000e+2
91681	1.490000000000000e+2	-2.760000000000000e+2	3.110000000000000e+2
91921	1.050000000000000e+2	-2.480000000000000e+2	-7.240000000000000e+2
92161	2.500000000000000e+2	1.730000000000000e+2	1.600000000000000e+2
92401	-1.290000000000000e+2	4.980000000000000e+2	2.360000000000000e+2
92641	-1.270000000000000e+2	6.140000000000000e+2	3.160000000000000e+2
92881	-2.390000000000000e+2	6.290000000000000e+2	1.630000000000000e+2
93121	-3.000000000000000e+0	3.670000000000000e+2	-2.360000000000000e+2
93361	3.110000000000000e+2	-2.750000000000000e+2	-2.380000000000000e+2
93601	1.430000000000000e+2	-6.850000000000000e+2	-5.800000000000000e+1
93841	-9.000000000000000e+0	-1.210000000000000e+2	2.700000000000000e+1
94081	8.200000000000000e+1	1.960000000000000e+2	7.300000000000000e+1
94321	-1.400000000000000e+1	3.420000000000000e+2	4.800000000000000e+1
94561	-5.900000000000000e+1	3.820000000000000e+2	8.400000000000000e+1
94801	-2.230000000000000e+2	2.350000000000000e+2	3.960000000000000e+2
95041	-2.680000000000000e+2	1.560000000000000e+2	1.150000000000000e+2
95281	-1.620000000000000e+2	-1.700000000000000e+1	-8.300000000000000e+1
95521	-3.300000000000000e+1	-1.740000000000000e+2	-2.000000000000000e+0
95761	6.600000000000000e+1	-2.220000000000000e+2	-1.100000000000000e+1
96001	1.000000000000000e+2	-1.660000000000000e+2	-2.700000000000000e+1
96241	1.020000000000000e+2	-9.500000000000000e+1	8.000000000000000e+0
96481	7.400000000000000e+1	-2.900000000000000e+1	5.000000000000000e+0
96721	3.800000000000000e+1	5.700000000000000e+1	1.000000000000000e+0
96961	5.000000000000000e+0	1.030000000000000e+2	1.900000000000000e+1
97201	-1.100000000000000e+1	1.140000000000000e+2	6.000000000000000e+0
97441	-2.300000000000000e+1	1.250000000000000e+2	1.000000000000000e+1
97681	-1.800000000000000e+1	1.160000000000000e+2	-3.000000000000000e+0
97921	-2.090000000000000e+2	-2.830000000000000e+2	-1.253000000000000e+3
98161	-1.460000000000000e+2	-9.280000000000000e+2	2.160000000000000e+2
98401	-1.270000000000000e+2	-2.470000000000000e+2	3.630000000000000e+2
98641	-6.000000000000000e+0	4.670000000000000e+2	2.270000000000000e+2
98881	7.600000000000000e+1	8.150000000000000e+2	7.700000000000000e+1
99121	7.900000000000000e+1	7.460000000000000e+2	8.000000000000000e+1
99361	7.000000000000000e+0	1.980000000000000e+2	-1.860000000000000e+2
99601	1.500000000000000e+1	-2.310000000000000e+2	-1.800000000000000e+1
99841	1.350000000000000e+2	-2.230000000000000e+2	-5.600000000000000e+1
100081	6.900000000000000e+1	8.000000000000000e+1	4.300000000000000e+1
100321	1.790000000000000e+2	1.430000000000000e+2	2.600000000000000e+1
100561	1.610000000000000e+2	4.700000000000000e+1	3.000000000000000e+1
100801	1.210000000000000e+2	-3.160000000000000e+2	-1.180000000000000e+2
101041	8.800000000000000e+1	-2.060000000000000e+2	-3.000000000000000e+1
101281	-2.120000000000000e+2	-9.900000000000000e+1	7.800000000000000e+1
101521	-1.050000000000000e+2	-7.100000000000000e+1	1.870000000000000e+2
101761	-1.950000000000000e+2	-9.500000000000000e+1	2.430000000000000e+2
102001	-1.330000000000000e+2	-6.000000000000000e+1	-4.500000000000000e+1
102241	-5.300000000000000e+1	1.500000000000000e+1	-1.100000000000000e+1
102481	1.600000000000000e+1	5.000000000000000e+1	-6.000000000000000e+0
102721	5.100000000000000e+1	3.500000000000000e+1	1.000000000000000e+1
102961	3.800000000000000e+1	6.500000000000000e+1	1.700000000000000e+1
103201	1.100000000000000e+1	9.000000000000000e+1	7.000000000000000e+0
103441	9.000000000000000e+0	1.360000000000000e+2	-1.100000000000000e+1
103681	1.700000000000000e+1	1.080000000000000e+2	0.000000000000000e+0
103921	3.200000000000000e+1	5.200000000000000e+1	-8.000000000000000e+0
104161	4.300000000000000e+1	-4.100000000000000e+1	-1.700000000000000e+1
104401	2.900000000000000e+1	-1.220000000000000e+2	-1.900000000000000e+1
104641	2.100000000000000e+1	-1.640000000000000e+2	-1.700000000000000e+1
104881	2.900000000000000e+1	-1.700000000000000e+2	-2.600000000000000e+1
105121	1.400000000000000e+1	-1.750000000000000e+2	7.000000000000000e+0
105361	1.000000000000000e+0	-1.600000000000000e+2	-1.320000000000000e+2
105601	4.200000000000000e+1	-1.140000000000000e+2	1.100000000000000e+1
105841	5.300000000000000e+1	-9.400000000000000e+1	-1.400000000000000e+1
106081	4.000000000000000e+1	5.500000000000000e+1	1.100000000000000e+2
106321	1.020000000000000e+2	6.000000000000000e+1	-1.830000000000000e+2
106561	2.210000000000000e+2	1.060000000000000e+2	-3.400000000000000e+1
106801	-7.000000000000000e+0	2.150000000000000e+2	-1.000000000000000e+1
107041	-1.010000000000000e+2	2.040000000000000e+2	-1.329000000000000e+3
107281	4.200000000000000e+1	2.690000000000000e+2	-3.320000000000000e+2
107521	3.700000000000000e+1	2.530000000000000e+2	0.000000000000000e+0
107761	-4.100000000000000e+1	1.420000000000000e+2	1.510000000000000e+2
108001	2.080000000000000e+2	3.900000000000000e+1	1.119000000000000e+3
108241	9.700000000000000e+1	4.300000000000000e+1	4.580000000000000e+2
108481	-9.100000000000000e+1	1.140000000000000e+2	-3.260000000000000e+2
108721	-2.300000000000000e+2	2.090000000000000e+2	1.300000000000000e+1
108961	-1.590000000000000e+2	3.600000000000000e+1	6.400000000000000e+1
109201	-8.800000000000000e+1	-1.480000000000000e+2	-3.900000000000000e+1
109441	-5.300000000000000e+1	-4.010000000000000e+2	2.600000000000000e+1
109681	-2.300000000000000e+1	-5.290000000000000e+2	-4.000000000000000e+1
109921	2.000000000000000e+1	-4.630000000000000e+2	-3.100000000000000e+1
110161	3.300000000000000e+1	-3.150000000000000e+2	-1.180000000000000e+2
110401	-1.600000000000000e+1	-4.170000000000000e+2	-7.000000000000000e+1
110641	-5.500000000000000e+1	-1.060000000000000e+2	2.900000000000000e+1
110881	-1.400000000000000e+2	-7.000000000000000e+0	2.010000000000000e+2
111121	-2.090000000000000e+2	-6.700000000000000e+1	2.300000000000000e+1
111361	-1.600000000000000e+2	-6.300000000000000e+1	1.100000000000000e+1
111601	-1.020000000000000e+2	-5.000000000000000e+0	2.000000000000000e+0
111841	-7.500000000000000e+1	2.630000000000000e+2	4.600000000000000e+1
112081	-1.000000000000000e+1	5.590000000000000e+2	2.000000000000000e+1
112321	-7.000000000000000e+0	7.040000000000000e+2	6.900000000000000e+1
112561	6.000000000000000e+0	7.020000000000000e+2	8.300000000000000e+1
112801	1.510000000000000e+2	5.910000000000000e+2	9.800000000000000e+1
113041	1.520000000000000e+2	3.170000000000000e+2	1.370000000000000e+2
113281	1.040000000000000e+2	-3.000000000000000e+1	1.070000000000000e+2
113521	1.170000000000000e+2	-2.770000000000000e+2	1.360000000000000e+2
113761	9.200000000000000e+1	-4.340000000000000e+2	1.250000000000000e+2
114001	-1.500000000000000e+1	-5.440000000000000e+2	1.100000000000000e+1
114241	-1.050000000000000e+2	-5.860000000000000e+2	4.600000000000000e+1
114481	-7.600000000000000e+1	-4.550000000000000e+2	-1.000000000000000e+0
114721	-2.500000000000000e+1	-2.840000000000000e+2	-3.800000000000000e+1
114961	3.000000000000000e+1	-1.040000000000000e+2	-2.000000000000000e+0
115201	-4.700000000000000e+1	-8.000000000000000e+0	1.800000000000000e+1
115441	-6.000000000000000e+1	8.800000000000000e+1	5.300000000000000e+1
115681	-1.200000000000000e+1	1.940000000000000e+2	-2.300000000000000e+1
115921	-6.000000000000000e+0	2.720000000000000e+2	-7.300000000000000e+1
116161	3.900000000000000e+1	3.130000000000000e+2	-2.500000000000000e+1
116401	1.900000000000000e+1	2.810000000000000e+2	-1.100000000000000e+1
116641	3.200000000000000e+1	1.990000000000000e+2	1.000000000000000e+1
116881	7.200000000000000e+1	9.300000000000000e+1	5.000000000000000e+0
117121	1.400000000000000e+1	9.000000000000000e+0	3.000000000000000e+1
117361	-1.000000000000000e+1	-1.900000000000000e+1	0.000000000000000e+0
117601	2.000000000000000e+1	-4.700000000000000e+1	-2.100000000000000e+1
117841	1.200000000000000e+1	-5.700000000000000e+1	2.500000000000000e+1
118081	-1.460000000000000e+2	-2.350000000000000e+2	-1.470000000000000e+2
118321	-2.300000000000000e+1	-2.140000000000000e+2	-1.000000000000000e+0
118561	-8.700000000000000e+1	-1.300000000000000e+2	1.450000000000000e+2
118801	-1.100000000000000e+2	-7.100000000000000e+1	-2.900000000000000e+1
119041	1.720000000000000e+2	-1.960000000000000e+2	-4.300000000000000e+1
119281	1.410000000000000e+2	-9.000000000000000e+1	-3.500000000000000e+1
119521	1.500000000000000e+1	-2.800000000000000e+1	-3.400000000000000e+1
119761	-1.300000000000000e+1	1.230000000000000e+2	1.500000000000000e+1
120001	6.000000000000000e+0	2.250000000000000e+2	1.300000000000000e+1
120241	-9.000000000000000e+0	2.750000000000000e+2	4.000000000000000e+1
120481	3.000000000000000e+0	2.310000000000000e+2	2.400000000000000e+1
120721	-9.000000000000000e+0	2.020000000000000e+2	4.200000000000000e+1
120961	-6.800000000000000e+1	1.270000000000000e+2	1.500000000000000e+1
121201	-1.240000000000000e+2	2.900000000000000e+1	-4.000000000000000e+0
121441	-1.690000000000000e+2	-6.000000000000000e+1	-1.100000000000000e+1
121681	-1.700000000000000e+2	-1.560000000000000e+2	-2.200000000000000e+1
121921	-1.140000000000000e+2	-1.780000000000000e+2	-2.500000000000000e+1
122161	-1.140000000000000e+2	-1.610000000000000e+2	-1.800000000000000e+1
122401	-1.340000000000000e+2	-6.300000000000000e+1	-2.100000000000000e+1
122641	-8.100000000000000e+1	9.200000000000000e+1	8.600000000000000e+1
122881	9.800000000000000e+1	4.700000000000000e+1	3.080000000000000e+2
123121	1.790000000000000e+2	-1.010000000000000e+2	7.070000000000000e+2
123361	1.850000000000000e+2	-1.670000000000000e+2	1.435000000000000e+3
123601	1.300000000000000e+1	-1.820000000000000e+2	1.475000000000000e+3
123841	-2.320000000000000e+2	-7.500000000000000e+1	7.170000000000000e+2
124081	-2.540000000000000e+2	3.500000000000000e+1	3.350000000000000e+2
124321	-1.860000000000000e+2	1.850000000000000e+2	1.200000000000000e+1
124561	-1.270000000000000e+2	2.380000000000000e+2	-3.200000000000000e+1
124801	-1.010000000000000e+2	2.080000000000000e+2	-2.400000000000000e+1
125041	-3.500000000000000e+1	1.500000000000000e+2	9.000000000000000e+0
125281	3.700000000000000e+1	9.000000000000000e+1	2.000000000000000e+0
125521	8.000000000000000e+1	9.000000000000000e+0	1.400000000000000e+1
125761	1.200000000000000e+2	-8.300000000000000e+1	-1.600000000000000e+1
126001	1.130000000000000e+2	-1.990000000000000e+2	-9.000000000000000e+0
126241	1.030000000000000e+2	-3.010000000000000e+2	-2.600000000000000e+1
126481	6.600000000000000e+1	-3.180000000000000e+2	2.300000000000000e+1
126721	4.500000000000000e+1	-2.940000000000000e+2	-3.300000000000000e+1
126961	-1.560000000000000e+2	-6.030000000000000e+2	8.940000000000000e+2
127201	-4.410000000000000e+2	-4.760000000000000e+2	5.400000000000000e+1
127441	1.330000000000000e+2	4.200000000000000e+2	-1.050000000000000e+2
127681	-3.300000000000000e+1	7.050000000000000e+2	-8.800000000000000e+1
127921	-4.600000000000000e+1	4.850000000000000e+2	-3.170000000000000e+2
128161	5.200000000000000e+1	2.900000000000000e+1	-2.370000000000000e+2
128401	4.200000000000000e+1	-2.150000000000000e+2	-1.410000000000000e+2
128641	3.000000000000000e+1	-1.980000000000000e+2	-3.200000000000000e+1
128881	-2.000000000000000e+1	-1.700000000000000e+1	-3.700000000000000e+1
129121	9.100000000000000e+1	3.880000000000000e+2	2.600000000000000e+1
129361	1.260000000000000e+2	5.800000000000000e+2	6.400000000000000e+1
129601	1.300000000000000e+2	5.230000000000000e+2	1.010000000000000e+2
129841	9.500000000000000e+1	2.700000000000000e+2	1.150000000000000e+2
130081	4.000000000000000e+1	-7.000000000000000e+1	9.200000000000000e+1
130321	-1.200000000000000e+1	-3.780000000000000e+2	6.900000000000000e+1
130561	-3.000000000000000e+0	-5.580000000000000e+2	-2.900000000000000e+1
130801	1.400000000000000e+1	-6.030000000000000e+2	4.800000000000000e+1
131041	3.300000000000000e+1	-4.600000000000000e+2	-6.900000000000000e+1
131281	-7.000000000000000e+0	-1.940000000000000e+2	2.400000000000000e+1
131521	-1.000000000000000e+0	3.400000000000000e+1	-1.600000000000000e+1
131761	3.900000000000000e+1	1.660000000000000e+2	-2.000000000000000e+0
132001	1.000000000000000e+1	3.100000000000000e+2	-6.400000000000000e+1
132241	4.880000000000000e+2	4.050000000000000e+2	8.600000000000000e+1
132481	8.700000000000000e+1	4.350000000000000e+2	-4.000000000000000e+0
132721	-1.480000000000000e+2	3.560000000000000e+2	-2.900000000000000e+1
132961	-1.750000000000000e+2	2.210000000000000e+2	-1.600000000000000e+1
133201	-1.320000000000000e+2	1.030000000000000e+2	-3.000000000000000e+1
133441	-3.500000000000000e+1	5.600000000000000e+1	-3.800000000000000e+1
133681	3.900000000000000e+1	-1.020000000000000e+2	2.500000000000000e+1
133920	-6.000000000000000e+1	-5.070000000000000e+2	4.800000000000000e+1
134161	-1.100000000000000e+1	-5.350000000000000e+2	-3.500000000000000e+1
134401	-1.400000000000000e+1	-3.910000000000000e+2	-2.100000000000000e+1
134641	-1.800000000000000e+1	-1.570000000000000e+2	2.700000000000000e+1
134881	-2.100000000000000e+1	2.100000000000000e+1	-1.000000000000000e+0
135121	-1.200000000000000e+1	1.310000000000000e+2	1.600000000000000e+1
135361	-6.000000000000000e+1	2.160000000000000e+2	3.000000000000000e+1
135601	-3.000000000000000e+1	2.630000000000000e+2	-7.000000000000000e+0
135841	-1.100000000000000e+1	2.710000000000000e+2	-3.600000000000000e+1
136081	-1.600000000000000e+1	2.590000000000000e+2	-5.000000000000000e+1
136321	1.700000000000000e+1	2.180000000000000e+2	-3.000000000000000e+1
136561	4.200000000000000e+1	1.700000000000000e+2	-1.300000000000000e+1
136801	3.800000000000000e+1	6.400000000000000e+1	-8.000000000000000e+0
137041	1.100000000000000e+1	-6.600000000000000e+1	2.300000000000000e+1
137281	1.300000000000000e+1	-1.990000000000000e+2	0.000000000000000e+0
137520	0.000000000000000e+0	-3.120000000000000e+2	-2.100000000000000e+1
137761	7.000000000000000e+0	-4.110000000000000e+2	1.100000000000000e+1
138001	5.200000000000000e+1	-4.540000000000000e+2	-4.700000000000000e+1
138241	8.800000000000000e+1	-3.520000000000000e+2	-1.320000000000000e+2
138481	7.500000000000000e+1	-1.680000000000000e+2	-7.000000000000000e+0
138721	4.300000000000000e+1	3.000000000000000e+1	7.800000000000000e+1
138961	-2.000000000000000e+0	1.990000000000000e+2	1.090000000000000e+2
139201	-4.800000000000000e+1	3.020000000000000e+2	1.600000000000000e+1
139441	-2.300000000000000e+1	3.420000000000000e+2	-4.000000000000000e+0
139681	-1.500000000000000e+1	2.740000000000000e+2	-1.760000000000000e+2
139921	-1.870000000000000e+2	-4.460000000000000e+2	-1.100000000000000e+2
140161	-4.320000000000000e+2	-6.280000000000000e+2	-1.130000000000000e+2
140401	-2.220000000000000e+2	1.730000000000000e+2	-4.000000000000000e+0
140641	-1.900000000000000e+1	4.470000000000000e+2	1.120000000000000e+2
140881	9.400000000000000e+1	4.850000000000000e+2	1.750000000000000e+2
141121	1.270000000000000e+2	4.140000000000000e+2	3.200000000000000e+1
141361	1.660000000000000e+2	1.800000000000000e+2	5.200000000000000e+1
141601	1.420000000000000e+2	-1.700000000000000e+2	-1.360000000000000e+2
141841	9.400000000000000e+1	-4.500000000000000e+2	-8.500000000000000e+1
142081	4.000000000000000e+1	-5.090000000000000e+2	-8.000000000000000e+0
142321	-3.000000000000000e+1	-1.920000000000000e+2	2.200000000000000e+1
142561	-3.400000000000000e+1	3.000000000000000e+1	6.000000000000000e+0
142801	-3.300000000000000e+1	1.950000000000000e+2	1.030000000000000e+2
143041	-2.800000000000000e+1	1.950000000000000e+2	9.300000000000000e+1
143281	-1.000000000000000e+0	1.700000000000000e+2	-4.800000000000000e+1
143521	6.000000000000000e+0	1.120000000000000e+2	2.600000000000000e+1
143761	5.000000000000000e+0	7.600000000000000e+1	3.000000000000000e+0
144001	2.600000000000000e+1	8.400000000000000e+1	0.000000000000000e+0
144241	5.300000000000000e+1	9.400000000000000e+1	-1.700000000000000e+1
144481	8.000000000000000e+1	5.500000000000000e+1	-1.090000000000000e+2
144721	7.600000000000000e+1	-6.800000000000000e+1	-2.610000000000000e+2
144961	8.900000000000000e+1	-1.350000000000000e+2	8.000000000000000e+0
145201	7.000000000000000e+0	-9.700000000000000e+1	1.500000000000000e+1
145441	-2.300000000000000e+1	-6.500000000000000e+1	2.300000000000000e+1
145681	-4.400000000000000e+1	7.000000000000000e+1	2.000000000000000e+0
145921	-7.500000000000000e+1	2.520000000000000e+2	-1.000000000000000e+1
146161	-1.220000000000000e+2	4.350000000000000e+2	-1.200000000000000e+1
146401	-1.350000000000000e+2	4.600000000000000e+2	-2.000000000000000e+0
146641	-1.270000000000000e+2	3.690000000000000e+2	-4.700000000000000e+1
146881	-7.200000000000000e+1	3.110000000000000e+2	-6.900000000000000e+1
147121	-1.600000000000000e+1	7.500000000000000e+1	-4.900000000000000e+1
147361	1.400000000000000e+2	-4.150000000000000e+2	3.700000000000000e+1
147601	2.550000000000000e+2	-5.710000000000000e+2	3.100000000000000e+1
147841	1.670000000000000e+2	-4.510000000000000e+2	3.700000000000000e+1
148081	1.250000000000000e+2	-3.210000000000000e+2	1.450000000000000e+2
148321	-8.000000000000000e+0	-1.370000000000000e+2	5.460000000000000e+2
148561	-4.200000000000000e+1	-7.500000000000000e+1	4.290000000000000e+2
148801	-1.330000000000000e+2	-1.900000000000000e+1	3.720000000000000e+2
149041	-1.470000000000000e+2	6.000000000000000e+0	3.520000000000000e+2
149281	-4.500000000000000e+1	1.700000000000000e+1	3.720000000000000e+2
149521	2.400000000000000e+1	6.000000000000000e+1	5.120000000000000e+2
149761	-1.600000000000000e+1	1.280000000000000e+2	3.080000000000000e+2
150001	-5.000000000000000e+0	2.380000000000000e+2	1.010000000000000e+2
150241	8.000000000000000e+0	3.300000000000000e+2	-2.200000000000000e+1
150481	6.000000000000000e+0	3.450000000000000e+2	-2.400000000000000e+1
150721	0.000000000000000e+0	2.470000000000000e+2	-3.600000000000000e+1
150961	-2.400000000000000e+1	6.800000000000000e+1	-3.400000000000000e+1
151201	-6.600000000000000e+1	-1.100000000000000e+2	-1.600000000000000e+1
151441	-7.900000000000000e+1	-2.950000000000000e+2	3.000000000000000e+0
151681	-7.600000000000000e+1	-4.580000000000000e+2	3.100000000000000e+1
151921	-5.300000000000000e+1	-5.380000000000000e+2	5.700000000000000e+1
152161	-5.400000000000000e+1	-5.400000000000000e+2	-1.000000000000000e+1
152401	-2.300000000000000e+1	-3.780000000000000e+2	1.800000000000000e+1
152641	8.900000000000000e+1	-8.900000000000000e+1	2.000000000000000e+1
152881	6.600000000000000e+1	1.550000000000000e+2	2.500000000000000e+1
153121	3.200000000000000e+1	3.130000000000000e+2	7.000000000000000e+0
153361	4.200000000000000e+1	4.050000000000000e+2	-1.600000000000000e+1
153601	7.400000000000000e+1	4.280000000000000e+2	-3.100000000000000e+1
153841	5.500000000000000e+1	4.360000000000000e+2	0.000000000000000e+0
154081	1.200000000000000e+1	3.690000000000000e+2	7.000000000000000e+0
154321	-3.800000000000000e+1	2.570000000000000e+2	1.300000000000000e+1
154561	-7.500000000000000e+1	1.190000000000000e+2	1.400000000000000e+1
154801	-9.000000000000000e+1	7.000000000000000e+0	1.600000000000000e+1
155041	-9.400000000000000e+1	-1.120000000000000e+2	1.500000000000000e+1
155281	-9.600000000000000e+1	-2.240000000000000e+2	-3.400000000000000e+1
155521	-1.000000000000000e+2	-2.910000000000000e+2	-9.000000000000000e+0
155761	-7.000000000000000e+1	-3.310000000000000e+2	-3.800000000000000e+1
156001	-3.700000000000000e+1	-2.850000000000000e+2	-2.000000000000000e+1
156241	-1.000000000000000e+0	-2.530000000000000e+2	1.500000000000000e+1
156481	3.500000000000000e+1	-3.720000000000000e+2	-3.900000000000000e+1
156721	-5.100000000000000e+1	-5.560000000000000e+2	-1.200000000000000e+1
156961	-7.000000000000000e+1	-2.000000000000000e+0	8.000000000000000e+0
157201	3.800000000000000e+1	3.120000000000000e+2	-6.000000000000000e+0
157441	5.100000000000000e+1	9.300000000000000e+1	9.000000000000000e+0
157681	-2.300000000000000e+1	-8.300000000000000e+1	6.000000000000000e+0
157921	-5.000000000000000e+0	-5.600000000000000e+1	6.000000000000000e+0
158161	1.150000000000000e+2	6.800000000000000e+1	1.125000000000000e+3
158401	-1.400000000000000e+1	-1.100000000000000e+1	1.683000000000000e+3
158641	-1.120000000000000e+2	4.700000000000000e+1	1.631000000000000e+3
158881	0.000000000000000e+0	3.900000000000000e+1	1.666000000000000e+3
159121	-1.370000000000000e+2	-2.200000000000000e+1	1.680000000000000e+3
159361	-9.600000000000000e+1	-1.400000000000000e+1	1.719000000000000e+3
159601	6.100000000000000e+1	-6.000000000000000e+0	1.601000000000000e+3
159841	-6.400000000000000e+1	-2.300000000000000e+1	5.420000000000000e+2
160081	1.600000000000000e+1	9.000000000000000e+0	-1.690000000000000e+2
160321	3.300000000000000e+2	3.830000000000000e+2	1.430000000000000e+2
160561	-2.610000000000000e+2	-2.400000000000000e+1	-9.200000000000000e+1
160801	-2.560000000000000e+2	-6.140000000000000e+2	-2.400000000000000e+1
161041	4.800000000000000e+1	-1.090000000000000e+2	-3.000000000000000e+1
161281	1.460000000000000e+2	2.000000000000000e+2	2.700000000000000e+1
161521	1.900000000000000e+1	5.700000000000000e+1	1.000000000000000e+0
161761	-3.100000000000000e+1	-4.400000000000000e+1	6.000000000000000e+0
162001	8.000000000000000e+0	-4.600000000000000e+1	1.700000000000000e+1
162241	-1.200000000000000e+1	8.000000000000000e+0	-2.000000000000000e+0
162481	6.000000000000000e+0	6.000000000000000e+0	-2.000000000000000e+1
162721	-2.900000000000000e+1	-1.700000000000000e+1	-1.700000000000000e+1
162961	-1.200000000000000e+1	6.300000000000000e+1	-2.000000000000000e+0
163201	-4.000000000000000e+0	8.000000000000000e+1	-4.200000000000000e+1
163441	-7.000000000000000e+0	3.300000000000000e+1	1.100000000000000e+1
163681	1.270000000000000e+2	1.110000000000000e+2	2.740000000000000e+2
163921	-4.200000000000000e+1	-7.900000000000000e+1	4.100000000000000e+1
164161	-1.090000000000000e+2	-1.590000000000000e+2	3.200000000000000e+1
164401	-1.110000000000000e+2	-1.900000000000000e+1	-3.370000000000000e+2
164641	-5.500000000000000e+1	-2.460000000000000e+2	9.700000000000000e+1
164881	4.700000000000000e+1	1.620000000000000e+2	0.000000000000000e+0
165121	1.050000000000000e+2	5.880000000000000e+2	5.500000000000000e+1
165361	6.300000000000000e+1	1.570000000000000e+2	2.000000000000000e+0
165601	-3.000000000000000e+0	-4.160000000000000e+2	-6.600000000000000e+1
165841	-5.800000000000000e+1	-1.330000000000000e+2	-9.700000000000000e+1
166081	5.500000000000000e+1	2.220000000000000e+2	-1.000000000000000e+1
166321	4.700000000000000e+1	5.800000000000000e+1	1.600000000000000e+1
166561	-4.200000000000000e+1	-1.480000000000000e+2	1.700000000000000e+1
166801	3.300000000000000e+1	-2.600000000000000e+1	1.400000000000000e+2
167041	4.000000000000000e+1	7.800000000000000e+1	7.900000000000000e+1
167281	-7.600000000000000e+1	-7.100000000000000e+1	-5.800000000000000e+1
167521	-5.100000000000000e+1	-3.300000000000000e+1	-1.100000000000000e+2
167761	5.700000000000000e+1	5.000000000000000e+1	6.000000000000000e+0
168001	3.600000000000000e+1	1.400000000000000e+1	-8.000000000000000e+0
168241	-3.900000000000000e+1	-1.000000000000000e+1	1.300000000000000e+1
168481	-8.000000000000000e+0	-3.800000000000000e+1	2.880000000000000e+2
168721	3.100000000000000e+1	-6.000000000000000e+0	3.500000000000000e+2
168961	-1.400000000000000e+1	6.000000000000000e+1	3.440000000000000e+2
169201	2.000000000000000e+0	-2.300000000000000e+1	3.130000000000000e+2
169441	-3.700000000000000e+1	-4.600000000000000e+1	3.330000000000000e+2
169681	-2.200000000000000e+1	6.300000000000000e+1	3.360000000000000e+2
169921	3.600000000000000e+1	-1.200000000000000e+1	3.220000000000000e+2
170161	3.000000000000000e+0	-4.900000000000000e+1	3.360000000000000e+2
170401	-4.200000000000000e+1	1.600000000000000e+1	3.440000000000000e+2
170641	1.800000000000000e+1	2.400000000000000e+1	3.320000000000000e+2
170881	2.500000000000000e+1	-2.000000000000000e+0	1.890000000000000e+2
171121	-7.100000000000000e+1	-2.000000000000000e+0	-1.800000000000000e+1
171361	1.050000000000000e+2	-1.100000000000000e+1	-5.800000000000000e+1
171601	-7.000000000000000e+1	2.370000000000000e+2	-5.500000000000000e+1
171841	1.700000000000000e+1	2.160000000000000e+2	4.000000000000000e+1
172081	-4.600000000000000e+1	-2.710000000000000e+2	-2.400000000000000e+1
172321	1.900000000000000e+1	-3.500000000000000e+2	3.000000000000000e+1
172561	3.000000000000000e+1	1.520000000000000e+2	-4.000000000000000e+0
172801	4.800000000000000e+1	2.580000000000000e+2	2.000000000000000e+0
173041	1.600000000000000e+1	4.100000000000000e+1	8.000000000000000e+0
173281	-1.800000000000000e+1	-1.720000000000000e+2	1.100000000000000e+1
173521	-4.300000000000000e+1	-7.000000000000000e+1	2.300000000000000e+1
173761	2.600000000000000e+1	1.120000000000000e+2	1.200000000000000e+1
174001	4.000000000000000e+1	6.700000000000000e+1	2.000000000000000e+0
174241	-1.600000000000000e+1	-1.200000000000000e+1	1.400000000000000e+1
174481	-1.700000000000000e+1	5.300000000000000e+1	-3.000000000000000e+0
174721	2.700000000000000e+1	1.930000000000000e+2	3.500000000000000e+1
174961	2.500000000000000e+1	2.570000000000000e+2	-3.400000000000000e+1
175201	9.000000000000000e+0	3.200000000000000e+1	9.400000000000000e+1
175441	4.100000000000000e+1	1.120000000000000e+2	3.100000000000000e+1
175681	1.630000000000000e+2	3.910000000000000e+2	-7.000000000000000e+0
175921	1.110000000000000e+2	1.960000000000000e+2	2.900000000000000e+1
176161	2.300000000000000e+1	7.500000000000000e+1	6.200000000000000e+1
176401	3.300000000000000e+1	5.300000000000000e+1	1.250000000000000e+2
176641	8.000000000000000e+0	-3.800000000000000e+1	1.590000000000000e+2
176881	-1.100000000000000e+1	8.000000000000000e+0	8.100000000000000e+1
177121	-1.190000000000000e+2	1.000000000000000e+0	1.100000000000000e+1
177361	-7.400000000000000e+1	-7.700000000000000e+1	9.000000000000000e+0
177601	-8.900000000000000e+1	-1.420000000000000e+2	5.700000000000000e+1
177841	-1.330000000000000e+2	-2.500000000000000e+1	-1.110000000000000e+2
178081	3.100000000000000e+1	8.100000000000000e+1	1.590000000000000e+2
178321	-6.400000000000000e+1	1.180000000000000e+2	1.300000000000000e+2
178561	-1.900000000000000e+2	1.970000000000000e+2	3.500000000000000e+1
178801	-1.280000000000000e+2	2.750000000000000e+2	0.000000000000000e+0
179041	-2.240000000000000e+2	3.220000000000000e+2	-3.200000000000000e+1
179281	-4.040000000000000e+2	1.410000000000000e+2	0.000000000000000e+0
179521	-1.890000000000000e+2	1.800000000000000e+1	-2.100000000000000e+1
179761	9.500000000000000e+1	-9.400000000000000e+1	1.490000000000000e+2
180001	2.820000000000000e+2	-3.330000000000000e+2	-1.110000000000000e+2
180241	4.490000000000000e+2	-4.880000000000000e+2	-1.430000000000000e+2
180481	-9.500000000000000e+1	-1.890000000000000e+2	1.920000000000000e+2
180721	3.900000000000000e+1	-9.000000000000000e+1	2.780000000000000e+2
180961	9.300000000000000e+1	-4.580000000000000e+2	-2.480000000000000e+2
181201	4.400000000000000e+1	-6.500000000000000e+1	6.700000000000000e+1
181441	-1.000000000000000e+0	1.570000000000000e+2	1.580000000000000e+2
181681	1.600000000000000e+1	2.570000000000000e+2	1.770000000000000e+2
181921	7.400000000000000e+1	3.630000000000000e+2	1.730000000000000e+2
182161	1.790000000000000e+2	4.240000000000000e+2	9.300000000000000e+1
182401	2.930000000000000e+2	3.060000000000000e+2	8.950000000000000e+2
182641	1.910000000000000e+2	1.090000000000000e+2	1.777000000000000e+3
182881	-2.350000000000000e+2	1.480000000000000e+2	8.680000000000000e+2
183121	-2.450000000000000e+2	1.570000000000000e+2	2.270000000000000e+2
183361	-3.420000000000000e+2	4.900000000000000e+1	1.180000000000000e+3
183601	-3.790000000000000e+2	1.780000000000000e+2	3.590000000000000e+2
183841	-1.770000000000000e+2	2.780000000000000e+2	1.100000000000000e+2
184081	1.600000000000000e+1	3.270000000000000e+2	9.600000000000000e+2
184321	-1.080000000000000e+2	2.930000000000000e+2	2.820000000000000e+2
184561	-3.800000000000000e+1	1.660000000000000e+2	1.048000000000000e+3
184801	-1.300000000000000e+2	2.340000000000000e+2	2.030000000000000e+2
185041	6.700000000000000e+1	2.560000000000000e+2	6.210000000000000e+2
185281	-2.030000000000000e+2	2.450000000000000e+2	1.502000000000000e+3
185521	-2.530000000000000e+2	3.670000000000000e+2	4.320000000000000e+2
185761	-2.420000000000000e+2	3.980000000000000e+2	4.000000000000000e+1
186001	-1.330000000000000e+2	4.070000000000000e+2	-6.200000000000000e+1
186241	-7.700000000000000e+1	3.480000000000000e+2	-4.300000000000000e+1
186481	-6.900000000000000e+1	2.300000000000000e+2	-8.000000000000000e+0
186721	-5.300000000000000e+1	6.200000000000000e+1	-2.140000000000000e+2
186961	3.500000000000000e+1	-4.200000000000000e+1	-7.800000000000000e+1
187201	-1.150000000000000e+2	-8.900000000000000e+1	-5.550000000000000e+2
187441	1.600000000000000e+2	-1.670000000000000e+2	-2.300000000000000e+2
187681	2.010000000000000e+2	-2.470000000000000e+2	2.590000000000000e+2
187921	6.100000000000000e+1	-3.280000000000000e+2	2.350000000000000e+2
188161	2.600000000000000e+1	-3.720000000000000e+2	6.900000000000000e+1
188401	3.900000000000000e+1	-3.470000000000000e+2	1.130000000000000e+2
188641	2.100000000000000e+1	-1.710000000000000e+2	1.700000000000000e+1
188881	4.000000000000000e+1	3.900000000000000e+1	4.400000000000000e+1
189121	3.300000000000000e+1	2.320000000000000e+2	-2.100000000000000e+1
189361	2.200000000000000e+1	3.360000000000000e+2	-3.800000000000000e+1
189601	2.500000000000000e+1	3.730000000000000e+2	-5.900000000000000e+1
189841	5.000000000000000e+0	3.190000000000000e+2	-1.050000000000000e+2
190081	3.500000000000000e+1	2.420000000000000e+2	-6.000000000000000e+1
190321	-5.940000000000000e+2	-4.720000000000000e+2	-1.110000000000000e+2
190561	-1.160000000000000e+2	-9.500000000000000e+1	-5.100000000000000e+1
190801	-9.000000000000000e+0	5.800000000000000e+1	2.000000000000000e+1
191041	1.700000000000000e+1	7.000000000000000e+1	-1.900000000000000e+1
191281	5.300000000000000e+1	1.500000000000000e+1	6.000000000000000e+0
191521	8.300000000000000e+1	-4.900000000000000e+1	1.800000000000000e+1
191761	-4.400000000000000e+1	-1.890000000000000e+2	9.500000000000000e+1
192001	-2.240000000000000e+2	-3.990000000000000e+2	-3.100000000000000e+1
192241	-1.010000000000000e+2	4.700000000000000e+1	-1.100000000000000e+2
192481	8.000000000000000e+1	2.530000000000000e+2	-9.800000000000000e+1
192721	1.320000000000000e+2	3.070000000000000e+2	1.500000000000000e+1
192961	1.190000000000000e+2	2.530000000000000e+2	-1.400000000000000e+1
193201	8.600000000000000e+1	1.400000000000000e+2	-4.200000000000000e+1
193441	-2.000000000000000e+1	-1.810000000000000e+2	1.060000000000000e+2
193681	-1.520000000000000e+2	-3.010000000000000e+2	7.000000000000000e+1
193921	-2.820000000000000e+2	-2.980000000000000e+2	-2.700000000000000e+1
194161	-2.470000000000000e+2	7.800000000000000e+1	-8.900000000000000e+1
194401	-1.000000000000000e+0	3.820000000000000e+2	-1.500000000000000e+2
194641	1.310000000000000e+2	3.660000000000000e+2	9.000000000000000e+0
194881	1.520000000000000e+2	5.800000000000000e+1	4.790000000000000e+2
195121	-3.200000000000000e+1	-1.040000000000000e+2	6.800000000000000e+1
195361	2.800000000000000e+1	-1.650000000000000e+2	-1.100000000000000e+2
195601	6.000000000000000e+0	-4.270000000000000e+2	-1.330000000000000e+2
195841	5.100000000000000e+1	-2.590000000000000e+2	7.000000000000000e+0
196081	-1.200000000000000e+2	-5.240000000000000e+2	1.840000000000000e+2
196321	-2.540000000000000e+2	9.000000000000000e+0	-1.600000000000000e+1
196561	-1.500000000000000e+1	7.560000000000000e+2	-1.610000000000000e+2
196801	1.320000000000000e+2	8.090000000000000e+2	-5.200000000000000e+1
197041	8.700000000000000e+1	4.800000000000000e+2	-9.400000000000000e+1
197281	1.540000000000000e+2	1.540000000000000e+2	6.500000000000000e+1
197521	0.000000000000000e+0	-1.240000000000000e+2	3.600000000000000e+2
197761	-4.000000000000000e+0	-3.690000000000000e+2	4.400000000000000e+2
198001	-2.910000000000000e+2	-2.600000000000000e+2	1.233000000000000e+3
198241	-3.180000000000000e+2	-2.600000000000000e+1	1.442000000000000e+3
198481	-2.700000000000000e+2	2.530000000000000e+2	4.380000000000000e+2
198721	-8.700000000000000e+1	3.560000000000000e+2	4.200000000000000e+1
198961	1.300000000000000e+1	3.160000000000000e+2	-1.290000000000000e+2
199201	7.000000000000000e+1	2.140000000000000e+2	-1.840000000000000e+2
199441	2.380000000000000e+2	2.800000000000000e+1	1.133000000000000e+3
199681	0.000000000000000e+0	-3.800000000000000e+1	1.289000000000000e+3
199921	-4.500000000000000e+1	1.870000000000000e+2	4.810000000000000e+2
200161	3.700000000000000e+1	7.220000000000000e+2	2.100000000000000e+1
200401	-3.000000000000000e+0	6.480000000000000e+2	-1.440000000000000e+2
200641	7.000000000000000e+1	5.030000000000000e+2	-1.440000000000000e+2
200881	1.700000000000000e+1	4.400000000000000e+2	-9.700000000000000e+1
201121	3.700000000000000e+1	2.800000000000000e+2	2.500000000000000e+1
201361	-5.700000000000000e+1	-1.800000000000000e+1	7.500000000000000e+1
201601	-1.110000000000000e+2	-2.790000000000000e+2	4.800000000000000e+1
201841	-1.540000000000000e+2	-4.210000000000000e+2	3.500000000000000e+1
202081	-1.600000000000000e+2	-4.370000000000000e+2	2.100000000000000e+1
202321	-2.660000000000000e+2	-3.380000000000000e+2	-2.370000000000000e+2
202561	8.600000000000000e+1	-6.900000000000000e+1	-1.590000000000000e+2
202801	-4.600000000000000e+1	7.800000000000000e+1	-1.440000000000000e+2
203041	-8.400000000000000e+1	7.800000000000000e+1	-1.750000000000000e+2
203281	5.500000000000000e+1	1.260000000000000e+2	-2.350000000000000e+2
203521	5.000000000000000e+1	1.340000000000000e+2	-6.600000000000000e+1
203761	-3.100000000000000e+1	1.520000000000000e+2	-4.000000000000000e+0
204001	-9.400000000000000e+1	1.010000000000000e+2	-1.400000000000000e+1
204241	-5.500000000000000e+1	-1.490000000000000e+2	4.500000000000000e+1
204481	-1.280000000000000e+2	-4.970000000000000e+2	9.900000000000000e+1
204721	-8.200000000000000e+1	-5.490000000000000e+2	1.540000000000000e+2
204961	-8.000000000000000e+0	-2.610000000000000e+2	2.870000000000000e+2
205201	-2.000000000000000e+0	-1.700000000000000e+1	1.740000000000000e+2
205441	1.340000000000000e+2	2.430000000000000e+2	-6.000000000000000e+0
205681	-1.400000000000000e+1	4.580000000000000e+2	-9.900000000000000e+1
205921	-8.100000000000000e+1	4.330000000000000e+2	-1.490000000000000e+2
206161	-9.500000000000000e+1	2.300000000000000e+2	-1.450000000000000e+2
206401	-4.300000000000000e+1	9.800000000000000e+1	-1.040000000000000e+2
206641	1.000000000000000e+0	5.400000000000000e+1	-9.400000000000000e+1
206881	1.540000000000000e+2	1.660000000000000e+2	-4.300000000000000e+1
207121	6.300000000000000e+1	1.860000000000000e+2	2.500000000000000e+1
207361	-2.000000000000000e+0	-1.230000000000000e+2	-1.000000000000000e+1
207601	1.640000000000000e+2	-3.160000000000000e+2	-4.200000000000000e+1
207841	4.260000000000000e+2	-1.900000000000000e+2	3.800000000000000e+1
208081	-2.200000000000000e+1	-1.430000000000000e+2	1.690000000000000e+2
208321	-3.000000000000000e+1	-1.570000000000000e+2	2.900000000000000e+1
208561	-1.300000000000000e+1	7.000000000000000e+0	1.000000000000000e+1
208801	1.900000000000000e+1	1.640000000000000e+2	3.900000000000000e+1
209041	-4.340000000000000e+2	-1.570000000000000e+2	2.900000000000000e+1
209281	-1.033000000000000e+3	-7.010000000000000e+2	8.600000000000000e+1
209521	-6.260000000000000e+2	-8.960000000000000e+2	-3.900000000000000e+1
209761	4.120000000000000e+2	2.600000000000000e+1	-3.000000000000000e+1
210001	3.390000000000000e+2	2.960000000000000e+2	6.800000000000000e+1
210241	5.340000000000000e+2	2.370000000000000e+2	4.900000000000000e+1
210481	4.710000000000000e+2	6.300000000000000e+1	2.070000000000000e+2
210721	2.880000000000000e+2	1.050000000000000e+2	-1.000000000000000e+1
210961	3.900000000000000e+1	3.040000000000000e+2	-1.320000000000000e+2
211201	-3.570000000000000e+2	3.740000000000000e+2	-1.490000000000000e+2
211441	-4.620000000000000e+2	4.430000000000000e+2	-1.600000000000000e+2
211681	-2.790000000000000e+2	4.540000000000000e+2	-1.910000000000000e+2
211921	-2.200000000000000e+2	2.030000000000000e+2	-6.700000000000000e+1
212161	-1.540000000000000e+2	1.600000000000000e+1	-4.200000000000000e+1
212401	-1.550000000000000e+2	-6.500000000000000e+2	-1.700000000000000e+1
212641	-1.340000000000000e+2	-1.284000000000000e+3	2.400000000000000e+1
212881	2.290000000000000e+2	-8.810000000000000e+2	2.800000000000000e+1
213121	-1.760000000000000e+2	2.130000000000000e+2	2.000000000000000e+0
213361	-7.110000000000000e+2	6.220000000000000e+2	-2.800000000000000e+1
213601	-6.900000000000000e+1	1.310000000000000e+2	-1.390000000000000e+2
213841	-7.600000000000000e+1	-6.110000000000000e+2	2.300000000000000e+1
214081	-7.800000000000000e+1	2.540000000000000e+2	-2.990000000000000e+2
214321	3.590000000000000e+2	8.750000000000000e+2	-2.920000000000000e+2
214561	2.860000000000000e+2	-1.900000000000000e+1	-3.690000000000000e+2
214801	-1.260000000000000e+2	-4.500000000000000e+2	-5.330000000000000e+2
215041	-4.100000000000000e+1	1.270000000000000e+2	-2.740000000000000e+2
215281	2.220000000000000e+2	4.600000000000000e+2	-2.580000000000000e+2
215521	6.500000000000000e+1	-5.600000000000000e+1	-2.330000000000000e+2
215761	9.200000000000000e+1	-1.020000000000000e+2	-2.670000000000000e+2
216001	1.290000000000000e+2	-9.800000000000000e+1	-2.340000000000000e+2
216241	-7.200000000000000e+1	-8.600000000000000e+1	-2.170000000000000e+2
216481	6.700000000000000e+1	-6.700000000000000e+1	-1.900000000000000e+2
216721	2.010000000000000e+2	-1.260000000000000e+2	-1.480000000000000e+2
216961	-1.590000000000000e+2	-1.280000000000000e+2	-1.600000000000000e+2
217201	-1.020000000000000e+2	9.400000000000000e+1	-1.220000000000000e+2
217441	2.060000000000000e+2	1.420000000000000e+2	-1.320000000000000e+2
217681	-3.800000000000000e+1	-8.500000000000000e+1	-1.060000000000000e+2
217921	-3.200000000000000e+1	-1.160000000000000e+2	-1.320000000000000e+2
218161	5.000000000000000e+0	7.400000000000000e+1	-1.180000000000000e+2
218401	1.800000000000000e+1	1.050000000000000e+2	-1.400000000000000e+2
